1.11372613907,0.0919981002808,-1.06310415268,0.130431890488,1.18880808353,0.997200012207,1.40050005913,-0.0261199474335,-0.898965835571,-0.0659201145172,1.24710011482,0.844399988651
1.11372613907,0.0919981002808,-1.06157016754,0.130431890488,1.18880808353,0.997200012207,1.40050005913,-0.0261199474335,-0.898965835571,-0.0659201145172,1.24710011482,0.844399988651
1.11372613907,0.0919981002808,-1.06310415268,0.130431890488,1.18880808353,0.997200012207,1.40050005913,-0.0261199474335,-0.898965835571,-0.0659201145172,1.24710011482,0.844399988651
1.11372613907,0.0919981002808,-1.06310415268,0.130431890488,1.18880808353,0.997200012207,1.40050005913,-0.0245859622955,-0.898965835571,-0.0674540996552,1.24710011482,0.844399988651
1.11372613907,0.0919981002808,-1.06310415268,0.131965875626,1.18880808353,0.997200012207,1.40050005913,-0.0261199474335,-0.898965835571,-0.0674540996552,1.24710011482,0.844399988651
1.11372613907,0.0919981002808,-1.06310415268,0.130431890488,1.18880808353,0.997200012207,1.40050005913,-0.0261199474335,-0.898965835571,-0.0674540996552,1.24710011482,0.844399988651
1.11372613907,0.0919981002808,-1.06310415268,0.131965875626,1.18880808353,0.997200012207,1.40050005913,-0.0261199474335,-0.898965835571,-0.0659201145172,1.24710011482,0.844399988651
1.11372613907,0.0919981002808,-1.06310415268,0.130431890488,1.18880808353,0.997200012207,1.40050005913,-0.0261199474335,-0.898965835571,-0.0674540996552,1.24863409996,0.844399988651
1.11372613907,0.0919981002808,-1.06157016754,0.130431890488,1.18880808353,0.997200012207,1.40050005913,-0.0261199474335,-0.898965835571,-0.0659201145172,1.24710011482,0.844399988651
1.11372613907,0.0919981002808,-1.06157016754,0.131965875626,1.18880808353,0.997200012207,1.40050005913,-0.0261199474335,-0.898965835571,-0.0674540996552,1.24710011482,0.844399988651
1.11372613907,0.0919981002808,-1.06310415268,0.130431890488,1.18880808353,0.997200012207,1.40050005913,-0.0261199474335,-0.898965835571,-0.0659201145172,1.24710011482,0.844399988651
1.11372613907,0.0919981002808,-1.06310415268,0.130431890488,1.18880808353,0.997200012207,1.40050005913,-0.0261199474335,-0.898965835571,-0.0659201145172,1.24710011482,0.844399988651
1.11372613907,0.0919981002808,-1.06310415268,0.130431890488,1.18880808353,0.997200012207,1.40050005913,-0.0261199474335,-0.898965835571,-0.0659201145172,1.24710011482,0.844399988651
1.11372613907,0.0919981002808,-1.06310415268,0.130431890488,1.18880808353,0.997200012207,1.40050005913,-0.0261199474335,-0.898965835571,-0.0674540996552,1.24863409996,0.844399988651
1.11372613907,0.0919981002808,-1.06310415268,0.130431890488,1.18880808353,0.997200012207,1.40050005913,-0.0245859622955,-0.898965835571,-0.0659201145172,1.24863409996,0.844399988651
1.11372613907,0.0919981002808,-1.06310415268,0.130431890488,1.18880808353,0.997200012207,1.40050005913,-0.0261199474335,-0.898965835571,-0.0659201145172,1.24710011482,0.844399988651
1.11372613907,0.0919981002808,-1.06310415268,0.130431890488,1.18880808353,0.997200012207,1.40050005913,-0.0245859622955,-0.898965835571,-0.0659201145172,1.24710011482,0.844399988651
1.11372613907,0.0919981002808,-1.06310415268,0.130431890488,1.18880808353,0.997200012207,1.40050005913,-0.0245859622955,-0.898965835571,-0.0659201145172,1.24710011482,0.844399988651
1.11372613907,0.0919981002808,-1.06310415268,0.131965875626,1.18880808353,0.997200012207,1.40050005913,-0.0261199474335,-0.898965835571,-0.0659201145172,1.24710011482,0.844399988651
1.11372613907,0.0919981002808,-1.06310415268,0.130431890488,1.18880808353,0.997200012207,1.40050005913,-0.0245859622955,-0.898965835571,-0.0674540996552,1.24710011482,0.844399988651
1.11372613907,0.0919981002808,-1.06310415268,0.130431890488,1.18880808353,0.997200012207,1.40050005913,-0.0261199474335,-0.898965835571,-0.0674540996552,1.24710011482,0.844399988651
1.11372613907,0.0919981002808,-1.06310415268,0.130431890488,1.18880808353,0.997200012207,1.40050005913,-0.0261199474335,-0.898965835571,-0.0674540996552,1.24863409996,0.844399988651
1.11372613907,0.0919981002808,-1.06157016754,0.131965875626,1.18880808353,0.997200012207,1.40050005913,-0.0261199474335,-0.898965835571,-0.0674540996552,1.24710011482,0.844399988651
1.11372613907,0.0966000556946,-1.06310415268,0.130431890488,1.18574011326,0.997200012207,1.40050005913,-0.0261199474335,-0.898965835571,-0.0689880847931,1.24863409996,0.844399988651
1.09838581085,0.115008115768,-1.06617212296,0.124295949936,1.18420600891,0.997200012207,1.38822805882,-0.01384806633,-0.900499820709,-0.0981340408325,1.25783801079,0.844399988651
1.0492978096,0.133415937424,-1.06463813782,0.122761964798,1.18420600891,0.997200012207,1.34374213219,0.0444440841675,-0.903567790985,-0.108871936798,1.25937211514,0.844399988651
0.974132061005,0.162562131882,-1.06310415268,0.122761964798,1.18420600891,0.997200012207,1.22869205475,0.136484146118,-0.91277217865,-0.122678041458,1.26090610027,0.844399988651
0.797721862793,0.234660148621,-1.0492978096,0.122761964798,1.18420600891,0.997200012207,0.943367958069,0.269942045212,-0.932713985443,-0.122678041458,1.26090610027,0.844399988651
0.579894065857,0.302155971527,-0.998675823212,0.122761964798,1.18420600891,0.997200012207,0.544528007507,0.397264003754,-0.948053836823,-0.105803966522,1.27011013031,0.844399988651
0.322181940079,0.314159274101,-0.929646015167,0.124295949936,1.18420600891,0.997200012207,0.159493923187,0.50617814064,-0.957258224487,-0.0812599658966,1.3130620718,0.844399988651
0.0230519771576,0.314159274101,-0.609040021896,0.125829935074,1.18420600891,0.997200012207,-0.24241399765,0.581344127655,-0.960326194763,-0.0766580104828,1.56003606319,0.844399988651
-0.340506076813,0.308292150497,-0.131965875626,0.210200071335,1.18574011326,0.997200012207,-0.598301887512,0.631966114044,-0.952655792236,-0.0735900402069,1.57537603378,0.844399988651
-0.575207948685,0.190174102783,0.0505800247192,0.428027868271,1.18574011326,0.997200012207,-0.809993982315,0.633500099182,-0.938849925995,-0.0889301300049,1.57537603378,0.844399988651
-0.702530145645,0.0950660705566,0.236194133759,0.688807964325,1.18420600891,0.997200012207,-0.84220790863,0.630432128906,-0.931180000305,-0.116542100906,1.57691001892,0.844399988651
-0.724006175995,0.056715965271,0.296020030975,0.774712085724,1.18420600891,0.997200012207,-0.84220790863,0.619693994522,-0.931180000305,-0.116542100906,1.57691001892,0.844399988651
-0.73474407196,0.0260360240936,0.326699972153,0.794653892517,1.18420600891,0.997200012207,-0.84220790863,0.618160009384,-0.931180000305,-0.116542100906,1.57691001892,0.844399988651
-0.736278057098,0.00609397888184,0.34970998764,0.816129922867,1.18420600891,0.997200012207,-0.84220790863,0.610490083694,-0.931180000305,-0.116542100906,1.57691001892,0.844399988651
-0.736278057098,-0.00771188735962,0.358914136887,0.833003997803,1.18420600891,0.997200012207,-0.84220790863,0.610490083694,-0.931180000305,-0.116542100906,1.57691001892,0.844399988651
-0.736278057098,-0.0184500217438,0.360448122025,0.84220790863,1.18420600891,0.997200012207,-0.84220790863,0.610490083694,-0.931180000305,-0.116542100906,1.57691001892,0.844399988651
-0.736278057098,-0.0199840068817,0.360448122025,0.845275878906,1.18420600891,0.997200012207,-0.84220790863,0.610490083694,-0.931180000305,-0.116542100906,1.57691001892,0.844399988651
-0.73474407196,-0.0230519771576,0.360448122025,0.846809864044,1.18420600891,0.997200012207,-0.84220790863,0.610490083694,-0.931180000305,-0.115008115768,1.57537603378,0.844399988651
-0.73474407196,-0.0245859622955,0.360448122025,0.846809864044,1.18420600891,0.997200012207,-0.84220790863,0.610490083694,-0.931180000305,-0.105803966522,1.57691001892,0.844399988651
-0.73474407196,-0.0215179920197,0.360448122025,0.846809864044,1.18420600891,0.997200012207,-0.84220790863,0.608956098557,-0.931180000305,-0.0919981002808,1.57691001892,0.844399988651
-0.73474407196,-0.0230519771576,0.360448122025,0.848344087601,1.18420600891,0.997200012207,-0.84220790863,0.608956098557,-0.931180000305,-0.0919981002808,1.57691001892,0.844399988651
-0.73474407196,-0.0230519771576,0.360448122025,0.848344087601,1.18420600891,0.997200012207,-0.843741893768,0.610490083694,-0.931180000305,-0.085862159729,1.57691001892,0.844399988651
-0.733210086823,-0.0230519771576,0.360448122025,0.848344087601,1.18420600891,0.997200012207,-0.84220790863,0.610490083694,-0.931180000305,-0.0843279361725,1.57691001892,0.844399988651
-0.733210086823,-0.0230519771576,0.358914136887,0.848344087601,1.18420600891,0.997200012207,-0.84220790863,0.610490083694,-0.931180000305,-0.0827939510345,1.57691001892,0.844399988651
-0.73474407196,-0.0230519771576,0.358914136887,0.848344087601,1.18420600891,0.997200012207,-0.843741893768,0.608956098557,-0.931180000305,-0.0812599658966,1.57691001892,0.844399988651
-0.73474407196,-0.0230519771576,0.357380151749,0.848344087601,1.18420600891,0.997200012207,-0.84220790863,0.608956098557,-0.931180000305,-0.0781919956207,1.57691001892,0.844399988651
-0.733210086823,-0.0230519771576,0.355845928192,0.848344087601,1.18420600891,0.997200012207,-0.84220790863,0.608956098557,-0.931180000305,-0.0766580104828,1.57691001892,0.844399988651
-0.733210086823,-0.0230519771576,0.355845928192,0.848344087601,1.18420600891,0.997200012207,-0.84220790863,0.610490083694,-0.931180000305,-0.0751240253448,1.57691001892,0.844399988651
-0.733210086823,-0.0230519771576,0.354311943054,0.848344087601,1.18420600891,0.997200012207,-0.84220790863,0.610490083694,-0.931180000305,-0.0735900402069,1.57691001892,0.844399988651
-0.733210086823,-0.0199840068817,0.351243972778,0.848344087601,1.18420600891,0.997200012207,-0.84220790863,0.610490083694,-0.932713985443,-0.0659201145172,1.57691001892,0.844399988651
-0.733210086823,-0.0169160366058,0.346642017365,0.848344087601,1.18420600891,0.997200012207,-0.843741893768,0.608956098557,-0.932713985443,-0.0597839355469,1.57691001892,0.844399988651
-0.733210086823,-0.0123138427734,0.338972091675,0.848344087601,1.18420600891,0.997200012207,-0.843741893768,0.610490083694,-0.935781955719,-0.0505800247192,1.57691001892,0.844399988651
-0.733210086823,-0.00924587249756,0.335904121399,0.848344087601,1.18420600891,0.997200012207,-0.843741893768,0.610490083694,-0.935781955719,-0.0413761138916,1.57691001892,0.844399988651
-0.733210086823,-0.0107798576355,0.334370136261,0.849878072739,1.18420600891,0.997200012207,-0.843741893768,0.608956098557,-0.937315940857,-0.0349065847695,1.57691001892,0.844399988651
-0.733210086823,-0.0107798576355,0.332836151123,0.849878072739,1.18420600891,0.997200012207,-0.843741893768,0.610490083694,-0.937315940857,-0.0349065847695,1.57691001892,0.844399988651
-0.733210086823,-0.0107798576355,0.332836151123,0.849878072739,1.18420600891,0.997200012207,-0.843741893768,0.608956098557,-0.937315940857,-0.0349065847695,1.57691001892,0.844399988651
-0.733210086823,-0.0107798576355,0.332836151123,0.849878072739,1.18420600891,0.997200012207,-0.843741893768,0.610490083694,-0.937315940857,-0.0349065847695,1.57691001892,0.844399988651
-0.733210086823,-0.00924587249756,0.331302165985,0.849878072739,1.18420600891,0.997200012207,-0.843741893768,0.608956098557,-0.937315940857,-0.0349065847695,1.57691001892,0.844399988651
-0.728608131409,-0.0107798576355,0.331302165985,0.849878072739,1.18420600891,0.997200012207,-0.843741893768,0.608956098557,-0.937315940857,-0.0349065847695,1.57691001892,0.844399988651
-0.728608131409,-0.00617790222168,0.331302165985,0.849878072739,1.18420600891,0.997200012207,-0.843741893768,0.608956098557,-0.937315940857,-0.0349065847695,1.57691001892,0.844399988651
-0.727074146271,-0.00157594680786,0.331302165985,0.849878072739,1.18420600891,0.997200012207,-0.843741893768,0.608956098557,-0.937315940857,-0.0349065847695,1.57691001892,0.844399988651
-0.7209379673,-0.00157594680786,0.329767942429,0.849878072739,1.18420600891,0.997200012207,-0.843741893768,0.608956098557,-0.937315940857,-0.0349065847695,1.57691001892,0.844399988651
-0.713268041611,-0.0031099319458,0.311360120773,0.825334072113,1.18113803864,0.997200012207,-0.840673923492,0.612024068832,-0.937315940857,-0.0349065847695,1.57691001892,0.844399988651
-0.691792011261,-0.00464391708374,0.251533985138,0.806926012039,1.18113803864,0.997200012207,-0.813061952591,0.619693994522,-0.932713985443,-0.0349065847695,1.57691001892,0.844399988651
-0.647305965424,-0.00464391708374,-0.188724040985,0.717953920364,1.18574011326,0.997200012207,-0.561486005783,0.619693994522,-0.932713985443,-0.0349065847695,1.57691001892,0.844399988651
-0.561402082443,-0.00464391708374,-0.424959897995,0.653526067734,1.18574011326,0.997200012207,-0.239346027374,0.616626024246,-0.934247970581,-0.0349065847695,1.57691001892,0.844399988651
-0.472429990768,-0.00771188735962,-0.457174062729,0.651992082596,1.18574011326,0.997200012207,0.085862159729,0.569072008133,-0.94958782196,-0.0349065847695,1.57691001892,0.844399988651
-0.294486045837,-0.00617790222168,-0.512398004532,0.639719963074,1.18574011326,0.997200012207,0.37118601799,0.475497961044,-0.964928150177,-0.0505800247192,1.57691001892,0.844399988651
0.125829935074,-0.0123138427734,-0.572223901749,0.590631961823,1.18574011326,0.997200012207,0.602820158005,0.357380151749,-0.972598075867,-0.0505800247192,1.57691001892,0.844399988651
0.547679901123,-0.0583338737488,-0.624379873276,0.530806064606,1.18574011326,0.997200012207,0.812978029251,0.230057954788,-0.989471912384,-0.0536479949951,1.57691001892,0.844399988651
0.813061952591,-0.0721399784088,-0.802324056625,0.334454059601,1.18574011326,0.997200012207,0.989387989044,0.116542100906,-1.01248216629,-0.0551819801331,1.57537603378,0.844399988651
0.994073867798,-0.0353238582611,-0.995607852936,0.0349065847695,1.1872740984,0.997200012207,1.11824417114,0.0152981281281,-1.02628803253,-0.056715965271,1.57691001892,0.844399988651
1.02322006226,-0.0184500217438,-0.995607852936,0.0349065847695,1.1872740984,0.997200012207,1.15966200829,-0.0031099319458,-1.03395795822,-0.056715965271,1.57691001892,0.844399988651
1.05543422699,0.00302600860596,-0.995607852936,0.0349065847695,1.1872740984,0.997200012207,1.19494402409,-0.00464391708374,-1.0370259285,-0.0536479949951,1.57691001892,0.844399988651
1.08764791489,0.0291039943695,-0.995607852936,0.0349065847695,1.1872740984,0.997200012207,1.21642005444,-0.00617790222168,-1.0370259285,-0.0536479949951,1.57691001892,0.844399988651
1.11832809448,0.0444440841675,-0.995607852936,0.0399260520935,1.1872740984,0.997200012207,1.23329401016,-0.00617790222168,-1.0370259285,-0.0349065847695,1.57691001892,0.844399988651
1.13980388641,0.0475120544434,-0.995607852936,0.0445280075073,1.1872740984,0.997200012207,1.25323605537,-0.00617790222168,-1.0370259285,-0.0349065847695,1.57691001892,0.844399988651
1.15667819977,0.0459780693054,-0.995607852936,0.0429940223694,1.1872740984,0.997200012207,1.26397407055,-0.00617790222168,-1.0370259285,-0.0349065847695,1.57691001892,0.844399988651
1.16895008087,0.0475120544434,-0.995607852936,0.0445280075073,1.1872740984,0.997200012207,1.27164411545,-0.00617790222168,-1.0370259285,-0.0349065847695,1.57691001892,0.844399988651
1.18275594711,0.0459780693054,-0.995607852936,0.0429940223694,1.1872740984,0.997200012207,1.277780056,-0.00617790222168,-1.0370259285,-0.0349065847695,1.57691001892,0.844399988651
