1.21036815643,0.056715965271,-0.995607852936,0.0414600372314,1.1872740984,0.997200012207,1.32993602753,-0.00924587249756,-1.0370259285,-0.0349065847695,1.57691001892,0.844399988651
1.21036815643,0.056715965271,-0.995607852936,0.0414600372314,1.1872740984,0.997200012207,1.32993602753,-0.00924587249756,-1.03855991364,-0.0349065847695,1.57691001892,0.844399988651
1.21036815643,0.056715965271,-0.995607852936,0.0414600372314,1.1872740984,0.997200012207,1.32993602753,-0.00924587249756,-1.0370259285,-0.0349065847695,1.57691001892,0.844399988651
1.21036815643,0.056715965271,-0.995607852936,0.0414600372314,1.1872740984,0.997200012207,1.32993602753,-0.00924587249756,-1.0370259285,-0.0349065847695,1.57691001892,0.844399988651
1.21036815643,0.056715965271,-0.995607852936,0.0414600372314,1.1872740984,0.997200012207,1.32993602753,-0.00924587249756,-1.0370259285,-0.0349065847695,1.57691001892,0.844399988651
1.21036815643,0.056715965271,-0.995607852936,0.0414600372314,1.1872740984,0.997200012207,1.32993602753,-0.00924587249756,-1.0370259285,-0.0349065847695,1.57691001892,0.844399988651
1.21036815643,0.056715965271,-0.995607852936,0.0414600372314,1.1872740984,0.997200012207,1.32993602753,-0.00924587249756,-1.0370259285,-0.0349065847695,1.57691001892,0.844399988651
1.21036815643,0.056715965271,-0.995607852936,0.0414600372314,1.1872740984,0.997200012207,1.32993602753,-0.00771188735962,-1.0370259285,-0.0349065847695,1.57691001892,0.844399988651
1.21036815643,0.056715965271,-0.995607852936,0.0414600372314,1.1872740984,0.997200012207,1.32993602753,-0.00924587249756,-1.0370259285,-0.0349065847695,1.57537603378,0.844399988651
1.21036815643,0.0597839355469,-0.995607852936,0.0399260520935,1.18267202377,0.997200012207,1.32993602753,-0.00771188735962,-1.03549194336,-0.0349065847695,1.57691001892,0.844399988651
1.18428993225,0.0751240253448,-0.997141838074,0.0399260520935,1.1796040535,0.997200012207,1.31152808666,0.0106959342957,-1.03395795822,-0.0459780693054,1.57691001892,0.844399988651
1.12446403503,0.110405921936,-0.997141838074,0.0383920669556,1.1796040535,0.997200012207,1.26857602596,0.0444440841675,-1.03242397308,-0.0521140098572,1.57691001892,0.844399988651
1.00481176376,0.167164087296,-0.995607852936,0.0399260520935,1.1796040535,0.997200012207,1.16119611263,0.10733795166,-1.03242397308,-0.056715965271,1.57844412327,0.844399988651
0.788517951965,0.260738134384,-0.977200031281,0.0383920669556,1.1796040535,0.997200012207,0.911154031754,0.214718103409,-1.03395795822,-0.0505800247192,1.57844412327,0.844399988651
0.595233917236,0.314159274101,-0.94958782196,0.0399260520935,1.1796040535,0.997200012207,0.615092039108,0.334370136261,-1.03549194336,-0.0383081436157,1.58304607868,0.844399988651
0.397347927094,0.314159274101,-0.897431850433,0.0506639480591,1.1796040535,0.997200012207,0.291418075562,0.458624124527,-1.03549194336,-0.0349065847695,1.59838604927,0.844399988651
0.0951499938965,0.314159274101,-0.716419935226,0.127363920212,1.1796040535,0.997200012207,-0.101285934448,0.587480068207,-1.03395795822,-0.0349065847695,1.61986207962,0.844399988651
-0.265340089798,0.314159274101,-0.231675863266,0.37126994133,1.1796040535,0.997200012207,-0.383542060852,0.64270401001,-1.03242397308,-0.0349065847695,1.62139606476,0.844399988651
-0.584412097931,0.314159274101,-0.0107798576355,0.576826095581,1.1796040535,0.997200012207,-0.668865919113,0.64270401001,-1.02935600281,-0.0349065847695,1.62139606476,0.844399988651
-0.753152132034,0.314159274101,0.147222042084,0.714885950089,1.1796040535,0.997200012207,-0.908169746399,0.619693994522,-1.01555013657,-0.0349065847695,1.62139606476,0.844399988651
-0.762356042862,0.314159274101,0.162562131882,0.728692054749,1.1796040535,0.996799945831,-0.925044059753,0.616626024246,-1.01401615143,-0.0349065847695,1.62139606476,0.844399988651
-0.762356042862,0.314159274101,0.165630102158,0.730226039886,1.1796040535,0.997200012207,-0.925044059753,0.615092039108,-1.01401615143,-0.0349065847695,1.61986207962,0.844399988651
-0.762356042862,0.314159274101,0.165630102158,0.730226039886,1.1796040535,0.997200012207,-0.925044059753,0.615092039108,-1.01401615143,-0.0349065847695,1.62139606476,0.844399988651
-0.762356042862,0.314159274101,0.167164087296,0.731760025024,1.1796040535,0.997200012207,-0.925044059753,0.615092039108,-1.01401615143,-0.0349065847695,1.62139606476,0.844399988651
-0.762356042862,0.314159274101,0.167164087296,0.730226039886,1.1796040535,0.997200012207,-0.925044059753,0.61355805397,-1.01401615143,-0.0349065847695,1.62139606476,0.844399988651
-0.762356042862,0.314159274101,0.170232057571,0.730226039886,1.1796040535,0.997200012207,-0.925044059753,0.61355805397,-1.01555013657,-0.0349065847695,1.62139606476,0.844399988651
-0.762356042862,0.314159274101,0.171766042709,0.730226039886,1.1796040535,0.997200012207,-0.925044059753,0.61355805397,-1.01401615143,-0.0349065847695,1.62139606476,0.844399988651
-0.762356042862,0.314159274101,0.170232057571,0.730226039886,1.1796040535,0.997200012207,-0.925044059753,0.615092039108,-1.01401615143,-0.0349065847695,1.62139606476,0.844399988651
-0.763890028,0.314159274101,0.170232057571,0.730226039886,1.1796040535,0.997200012207,-0.914306163788,0.616626024246,-1.01555013657,-0.0349065847695,1.62139606476,0.844399988651
-0.762356042862,0.314159274101,0.170232057571,0.724090099335,1.1796040535,0.997200012207,-0.914306163788,0.616626024246,-1.01555013657,-0.0349065847695,1.62139606476,0.844399988651
-0.762356042862,0.314159274101,0.170232057571,0.708750009537,1.1796040535,0.997200012207,-0.914306163788,0.616626024246,-1.01401615143,-0.0349065847695,1.62139606476,0.844399988651
-0.760822057724,0.314159274101,0.168698072433,0.710283994675,1.1796040535,0.997200012207,-0.914306163788,0.616626024246,-1.01555013657,-0.0349065847695,1.62139606476,0.844399988651
-0.762356042862,0.314159274101,0.170232057571,0.713351964951,1.1796040535,0.997200012207,-0.914306163788,0.616626024246,-1.01555013657,-0.0349065847695,1.62139606476,0.844399988651
-0.760822057724,0.314159274101,0.168698072433,0.713351964951,1.1796040535,0.997200012207,-0.914306163788,0.616626024246,-1.01555013657,-0.0349065847695,1.62139606476,0.844399988651
-0.760822057724,0.314159274101,0.168698072433,0.713351964951,1.1796040535,0.997200012207,-0.914306163788,0.616626024246,-1.01555013657,-0.0349065847695,1.62139606476,0.844399988651
-0.760822057724,0.314159274101,0.168698072433,0.713351964951,1.1796040535,0.997200012207,-0.914306163788,0.616626024246,-1.01555013657,-0.0349065847695,1.62139606476,0.844399988651
-0.760822057724,0.314159274101,0.16409611702,0.708750009537,1.1796040535,0.997200012207,-0.911238193512,0.616626024246,-1.01555013657,-0.0349065847695,1.62139606476,0.844399988651
-0.743947982788,0.314159274101,0.136484146118,0.694943904877,1.17807006836,0.997200012207,-0.852946043015,0.633500099182,-1.01555013657,-0.0349065847695,1.61986207962,0.844399988651
-0.731676101685,0.314159274101,0.0597839355469,0.688807964325,1.17653608322,0.997200012207,-0.783915996552,0.628898143768,-1.01401615143,-0.0349065847695,1.61986207962,0.844399988651
-0.705598115921,0.314159274101,-0.329851865768,0.64278793335,1.17807006836,0.997200012207,-0.518533945084,0.610490083694,-1.0170841217,-0.0349065847695,1.61986207962,0.844399988651
-0.624295949936,0.314159274101,-0.550747871399,0.590631961823,1.17807006836,0.997200012207,-0.161112070084,0.607422113419,-1.0370259285,-0.0349065847695,1.61832809448,0.844399988651
-0.53532409668,0.314159274101,-0.610574007034,0.589097976685,1.17807006836,0.997200012207,0.0781919956207,0.546061992645,-1.06157016754,-0.0349065847695,1.61679410934,0.844399988651
-0.27147603035,0.312894105911,-0.727158069611,0.566087961197,1.1796040535,0.997200012207,0.337438106537,0.398797988892,-1.09378385544,-0.0349065847695,1.61679410934,0.844399988651
0.167248010635,0.240796089172,-1.12446403503,0.309910058975,1.1796040535,0.997200012207,0.631966114044,0.226989984512,-1.135201931,-0.0349065847695,1.61679410934,0.844399988651
0.590631961823,0.148756027222,-1.15514421463,0.176451921463,1.1796040535,0.997200012207,0.871270179749,0.133415937424,-1.16281414032,-0.0349065847695,1.61679410934,0.844399988651
0.889761924744,0.12114405632,-1.16128015518,0.150373935699,1.1796040535,0.997200012207,1.0660879612,0.0475120544434,-1.20116376877,-0.0349065847695,1.61679410934,0.844399988651
0.998675823212,0.105803966522,-1.16281414032,0.139636039734,1.1796040535,0.997200012207,1.17193412781,-0.01384806633,-1.22264003754,-0.0349065847695,1.61679410934,0.844399988651
1.03242397308,0.0919981002808,-1.16281414032,0.139636039734,1.1796040535,0.997200012207,1.21028411388,-0.00771188735962,-1.23797988892,-0.0349065847695,1.61679410934,0.844399988651
1.04469585419,0.0950660705566,-1.16281414032,0.141170024872,1.1796040535,0.997200012207,1.24710011482,-0.00924587249756,-1.24871778488,-0.0349065847695,1.61679410934,0.844399988651
1.04776382446,0.0950660705566,-1.16281414032,0.145771980286,1.1796040535,0.997200012207,1.25937211514,-0.00924587249756,-1.24871778488,-0.0349065847695,1.61679410934,0.844399988651
1.07844400406,0.0981340408325,-1.16281414032,0.179519891739,1.1796040535,0.997200012207,1.27164411545,-0.00924587249756,-1.24871778488,-0.0349065847695,1.61679410934,0.844399988651
1.09838581085,0.0966000556946,-1.16281414032,0.179519891739,1.1796040535,0.997200012207,1.28084802628,-0.00924587249756,-1.24871778488,-0.0349065847695,1.61679410934,0.844399988651
1.10145378113,0.0966000556946,-1.16281414032,0.177985906601,1.1796040535,0.997200012207,1.28851807117,-0.00924587249756,-1.24871778488,-0.0349065847695,1.61679410934,0.844399988651
1.09991979599,0.0966000556946,-1.16281414032,0.177985906601,1.1796040535,0.997200012207,1.29158604145,-0.00924587249756,-1.24871778488,-0.0349065847695,1.61679410934,0.844399988651
1.09991979599,0.0966000556946,-1.16281414032,0.177985906601,1.1796040535,0.997200012207,1.29158604145,-0.00924587249756,-1.24871778488,-0.0349065847695,1.61679410934,0.844399988651
1.10145378113,0.0966000556946,-1.16281414032,0.177985906601,1.17807006836,0.997200012207,1.29312002659,-0.00924587249756,-1.24871778488,-0.0349065847695,1.61679410934,0.844399988651
1.1045217514,0.0966000556946,-1.16281414032,0.177985906601,1.1796040535,0.997200012207,1.29772210121,-0.0107798576355,-1.24871778488,-0.0349065847695,1.61679410934,0.844399988651
1.10605621338,0.0966000556946,-1.16281414032,0.177985906601,1.1796040535,0.997200012207,1.30232405663,-0.0107798576355,-1.24871778488,-0.0349065847695,1.61679410934,0.844399988651
1.10605621338,0.0966000556946,-1.16281414032,0.177985906601,1.1796040535,0.997200012207,1.30692601204,-0.0107798576355,-1.24871778488,-0.0349065847695,1.61679410934,0.844399988651
