1.46501207352,-0.0890140533447,-0.918908119202,0.162646055222,1.19494402409,0.997200012207,1.45265603065,0.0106959342957,-1.23644590378,-0.0349065847695,1.24096405506,0.844399988651
1.46501207352,-0.0890140533447,-0.918908119202,0.162646055222,1.19494402409,0.997200012207,1.45265603065,0.0106959342957,-1.23644590378,-0.0349065847695,1.2424980402,0.844399988651
1.46501207352,-0.0890140533447,-0.918908119202,0.162646055222,1.19341003895,0.997200012207,1.45265603065,0.0106959342957,-1.23491191864,-0.0349065847695,1.24096405506,0.844399988651
1.46501207352,-0.0890140533447,-0.918908119202,0.162646055222,1.19341003895,0.997200012207,1.45265603065,0.0106959342957,-1.23644590378,-0.0349065847695,1.24096405506,0.844399988651
1.46501207352,-0.0890140533447,-0.918908119202,0.162646055222,1.19494402409,0.997200012207,1.45265603065,0.0106959342957,-1.23644590378,-0.0349065847695,1.24096405506,0.844399988651
1.46501207352,-0.0890140533447,-0.918908119202,0.162646055222,1.19494402409,0.997200012207,1.45265603065,0.0122299194336,-1.23644590378,-0.0349065847695,1.24096405506,0.844399988651
1.46347808838,-0.0890140533447,-0.918908119202,0.162646055222,1.19341003895,0.997200012207,1.45265603065,0.0106959342957,-1.23644590378,-0.0349065847695,1.24096405506,0.844399988651
1.46347808838,-0.0890140533447,-0.918908119202,0.162646055222,1.19341003895,0.997200012207,1.45265603065,0.0106959342957,-1.23491191864,-0.0349065847695,1.24096405506,0.844399988651
1.46347808838,-0.0890140533447,-0.918908119202,0.162646055222,1.19494402409,0.997200012207,1.45265603065,0.0106959342957,-1.23644590378,-0.0349065847695,1.24096405506,0.844399988651
1.46347808838,-0.0890140533447,-0.918908119202,0.162646055222,1.19341003895,0.997200012207,1.45265603065,0.0122299194336,-1.23644590378,-0.0349065847695,1.24096405506,0.844399988651
1.46501207352,-0.0890140533447,-0.918908119202,0.162646055222,1.19494402409,0.997200012207,1.45265603065,0.0106959342957,-1.23644590378,-0.0349065847695,1.24096405506,0.844399988651
1.46347808838,-0.0890140533447,-0.918908119202,0.162646055222,1.19494402409,0.997200012207,1.45265603065,0.0106959342957,-1.23644590378,-0.0349065847695,1.24096405506,0.844399988651
1.46347808838,-0.0890140533447,-0.918908119202,0.162646055222,1.19341003895,0.997200012207,1.45265603065,0.0106959342957,-1.23644590378,-0.0349065847695,1.24096405506,0.844399988651
1.46501207352,-0.0890140533447,-0.918908119202,0.162646055222,1.19341003895,0.997200012207,1.45265603065,0.0106959342957,-1.23644590378,-0.0349065847695,1.24096405506,0.844399988651
1.46501207352,-0.0890140533447,-0.918908119202,0.162646055222,1.19494402409,0.997200012207,1.45265603065,0.0106959342957,-1.23644590378,-0.0349065847695,1.24096405506,0.844399988651
1.46501207352,-0.0890140533447,-0.918908119202,0.162646055222,1.19341003895,0.997200012207,1.45265603065,0.0106959342957,-1.23644590378,-0.0349065847695,1.24096405506,0.844399988651
1.46347808838,-0.0890140533447,-0.918908119202,0.162646055222,1.19494402409,0.997200012207,1.45265603065,0.0106959342957,-1.23644590378,-0.0349065847695,1.24096405506,0.844399988651
1.46501207352,-0.0890140533447,-0.918908119202,0.162646055222,1.19341003895,0.997200012207,1.45265603065,0.0106959342957,-1.23644590378,-0.0349065847695,1.24096405506,0.844399988651
1.46347808838,-0.0890140533447,-0.918908119202,0.162646055222,1.19494402409,0.997200012207,1.45265603065,0.0106959342957,-1.23644590378,-0.0349065847695,1.24096405506,0.844399988651
1.46501207352,-0.0890140533447,-0.918908119202,0.162646055222,1.19341003895,0.997200012207,1.45265603065,0.0106959342957,-1.23644590378,-0.0349065847695,1.24096405506,0.844399988651
1.46501207352,-0.0890140533447,-0.918908119202,0.162646055222,1.19494402409,0.997200012207,1.45265603065,0.0106959342957,-1.23644590378,-0.0349065847695,1.24096405506,0.844399988651
1.46194410324,-0.0859460830688,-0.918908119202,0.162646055222,1.19494402409,0.997200012207,1.45112204552,0.0106959342957,-1.23644590378,-0.0349065847695,1.2424980402,0.844399988651
1.4373998642,-0.0920820236206,-0.918908119202,0.162646055222,1.19341003895,0.997200012207,1.42657804489,0.0199000835419,-1.23951387405,-0.0349065847695,1.24096405506,0.844399988651
1.38831186295,-0.0982179641724,-0.918908119202,0.161112070084,1.19494402409,0.997200012207,1.35601401329,0.0613179206848,-1.24258184433,-0.0413761138916,1.24096405506,0.844399988651
1.3192820549,-0.139636039734,-0.918908119202,0.14270401001,1.19647812843,0.997200012207,1.10290408134,0.110405921936,-1.24411582947,-0.0367741584778,1.23789608479,0.844399988651
1.20423221588,-0.148839950562,-0.914306163788,0.122761964798,1.19647812843,0.997200012207,0.766957998276,0.116542100906,-1.24411582947,-0.0349065847695,1.23789608479,0.844399988651
0.952655792236,-0.145771980286,-0.914306163788,0.124295949936,1.19647812843,0.997200012207,0.496973991394,0.122678041458,-1.24411582947,-0.0349065847695,1.23789608479,0.844399988651
0.590631961823,-0.107421875,-0.914306163788,0.150373935699,1.19647812843,0.997200012207,0.259204149246,0.144154071808,-1.24411582947,-0.0349065847695,1.23789608479,0.844399988651
0.300705909729,-0.0475959777832,-0.914306163788,0.174917936325,1.19647812843,0.997200012207,0.085862159729,0.170232057571,-1.24411582947,-0.0349065847695,1.23636209965,0.844399988651
0.0782759189606,-0.0291879177094,-0.91277217865,0.179519891739,1.19647812843,0.997200012207,-0.0475959777832,0.193242073059,-1.24411582947,-0.0349065847695,1.23636209965,0.844399988651
-0.0521140098572,-0.0245859622955,-0.900499820709,0.176451921463,1.19647812843,0.997200012207,-0.167248010635,0.211650133133,-1.24411582947,-0.0349065847695,1.23636209965,0.844399988651
-0.0904641151428,-0.0199840068817,-0.882091999054,0.138102054596,1.19647812843,0.997200012207,-0.22860789299,0.220854043961,-1.25025177002,-0.0349065847695,1.23636209965,0.844399988651
-0.13495016098,0.0398421287537,-0.857547998428,0.145771980286,1.20568203926,0.997200012207,-0.248549938202,0.269942045212,-1.26712608337,-0.0349065847695,1.23636209965,0.844399988651
-0.223922014236,0.156425952911,-0.823800086975,0.176451921463,1.22102212906,0.997200012207,-0.25008392334,0.365050077438,-1.28246593475,-0.0349065847695,1.23636209965,0.844399988651
-0.348176002502,0.314159274101,-0.799256086349,0.200995922089,1.22562408447,0.997200012207,-0.224005937576,0.602820158005,-1.28399991989,-0.0349065847695,1.23636209965,0.844399988651
-0.354311943054,0.314159274101,-0.794653892517,0.239346027374,1.23636209965,0.997200012207,-0.190258026123,0.740880012512,-1.28399991989,-0.0349065847695,1.23636209965,0.844399988651
-0.360448122025,0.314159274101,-0.774712085724,0.306841850281,1.24096405506,0.997200012207,-0.153441905975,0.766957998276,-1.28553390503,-0.0349065847695,1.23636209965,0.844399988651
-0.37118601799,0.314159274101,-0.708750009537,0.440299987793,1.24863409996,0.997200012207,-0.12889790535,0.768491983414,-1.29473781586,-0.0349065847695,1.23636209965,0.844399988651
-0.423341989517,0.314159274101,-0.569155931473,0.716419935226,1.2501680851,0.997200012207,-0.102819919586,0.754686117172,-1.30547618866,-0.0349065847695,1.23636209965,0.844399988651
-0.455556154251,0.314159274101,-0.426493883133,0.86982011795,1.24863409996,0.997200012207,-0.0997519493103,0.745481967926,-1.331553936,-0.0349065847695,1.23636209965,0.844399988651
-0.463226079941,0.314159274101,-0.354395866394,0.903567790985,1.25323605537,0.997200012207,-0.101285934448,0.747015953064,-1.37143802643,-0.0349065847695,1.23636209965,0.844399988651
-0.477031946182,0.314159274101,-0.28536605835,0.928112030029,1.25477004051,0.997200012207,-0.11355805397,0.757754087448,-1.38217592239,-0.0349065847695,1.23636209965,0.844399988651
-0.484702110291,0.314159274101,-0.222471952438,0.955723762512,1.25477004051,0.997200012207,-0.124295949936,0.759288072586,-1.38677787781,-0.0349065847695,1.23636209965,0.844799995422
-0.484702110291,0.314159274101,-0.196393966675,0.974132061005,1.25477004051,0.997200012207,-0.122761964798,0.759288072586,-1.38677787781,-0.0349065847695,1.23636209965,0.844399988651
-0.487770080566,0.314159274101,-0.193325996399,0.974132061005,1.25477004051,0.997200012207,-0.124295949936,0.757754087448,-1.38677787781,-0.0349065847695,1.23636209965,0.844399988651
-0.490838050842,0.314159274101,-0.194859981537,0.966462135315,1.25323605537,0.997200012207,-0.122761964798,0.754686117172,-1.38677787781,-0.0349065847695,1.23636209965,0.844399988651
-0.49237203598,0.314159274101,-0.210200071335,0.917374134064,1.25323605537,0.997200012207,-0.119693994522,0.719403982162,-1.38064193726,-0.0349065847695,1.23636209965,0.844399988651
-0.493906021118,0.314159274101,-0.248549938202,0.865218162537,1.25323605537,0.997200012207,-0.119693994522,0.671849966049,-1.37143802643,-0.0349065847695,1.23636209965,0.844399988651
-0.486236095428,0.314159274101,-0.311444044113,0.793119907379,1.25323605537,0.997200012207,-0.112024068832,0.598217964172,-1.36070013046,-0.0349065847695,1.23636209965,0.844399988651
-0.455556154251,0.302155971527,-0.483252048492,0.572223901749,1.25170207024,0.997200012207,-0.0920820236206,0.454021930695,-1.34075784683,-0.0349065847695,1.23636209965,0.844399988651
-0.391128063202,0.296020030975,-0.60597205162,0.380474090576,1.25323605537,0.997200012207,-0.0828778743744,0.273010015488,-1.32848596573,-0.0349065847695,1.23636209965,0.844399988651
-0.342040061951,0.282214164734,-0.690341949463,0.326783895493,1.25170207024,0.997200012207,-0.0414600372314,0.118076086044,-1.30240821838,-0.0349065847695,1.23636209965,0.844399988651
-0.288350105286,0.248466014862,-0.748633861542,0.319113969803,1.25170207024,0.997200012207,0.0352399349213,0.0689880847931,-1.25638818741,-0.0349065847695,1.23636209965,0.844399988651
-0.214718103409,0.213184118271,-0.805392026901,0.306841850281,1.25170207024,0.997200012207,0.127279996872,0.0613179206848,-1.22570800781,-0.0349065847695,1.23636209965,0.844399988651
-0.115008115768,0.179435968399,-0.974132061005,0.263890028,1.25170207024,0.997200012207,0.296020030975,0.0551819801331,-1.17201805115,-0.0349065847695,1.23789608479,0.844399988651
0.0936160087585,0.0766580104828,-1.00327777863,0.237812042236,1.24863409996,0.997200012207,0.455556154251,0.0413761138916,-1.13366794586,-0.0349065847695,1.24096405506,0.844399988651
0.311444044113,-0.0644700527191,-1.03088998795,0.214802026749,1.24096405506,0.997200012207,0.579810142517,0.0398421287537,-1.09531784058,-0.0349065847695,1.2424980402,0.844399988651
0.498591899872,-0.139636039734,-1.05236577988,0.197927951813,1.23176002502,0.997200012207,0.713268041611,0.0398421287537,-1.08764791489,-0.0349065847695,1.24403202534,0.844399988651
0.694943904877,-0.139636039734,-1.06157016754,0.197927951813,1.23176002502,0.997200012207,0.854396104813,0.0413761138916,-1.08611392975,-0.0349065847695,1.2424980402,0.844399988651
0.837605953217,-0.139636039734,-1.06770610809,0.197927951813,1.23176002502,0.997200012207,0.941833972931,0.0398421287537,-1.08611392975,-0.0349065847695,1.24403202534,0.844399988651
0.903567790985,-0.139636039734,-1.07077407837,0.199461936951,1.23176002502,0.997200012207,1.02927207947,0.0383081436157,-1.08611392975,-0.0349065847695,1.24403202534,0.844399988651
0.974132061005,-0.139636039734,-1.07230806351,0.216336011887,1.23176002502,0.997200012207,1.1519920826,0.0383081436157,-1.08611392975,-0.0349065847695,1.24403202534,0.844399988651
1.06924009323,-0.141170024872,-1.07230806351,0.22860789299,1.23176002502,0.997200012207,1.24710011482,0.0383081436157,-1.08611392975,-0.0349065847695,1.24403202534,0.844399988651
1.1474738121,-0.141170024872,-1.07230806351,0.22860789299,1.23176002502,0.997200012207,1.30232405663,0.0383081436157,-1.08611392975,-0.0349065847695,1.24403202534,0.844399988651
1.24718379974,-0.139636039734,-1.07230806351,0.199461936951,1.23176002502,0.997200012207,1.36828613281,0.0383081436157,-1.08611392975,-0.0349065847695,1.24403202534,0.844399988651
1.36683607101,-0.139636039734,-1.07384204865,0.168781995773,1.23176002502,0.997200012207,1.42044210434,0.0383081436157,-1.08611392975,-0.0349065847695,1.24403202534,0.844399988651
1.42512798309,-0.118160009384,-1.07384204865,0.150373935699,1.23176002502,0.997200012207,1.45572412014,0.0383081436157,-1.08611392975,-0.0349065847695,1.24403202534,0.844399988651
1.43279790878,-0.0966839790344,-1.07384204865,0.148839950562,1.23176002502,0.997200012207,1.48026812077,0.0383081436157,-1.08611392975,-0.0349065847695,1.24403202534,0.844399988651
1.44200181961,-0.0982179641724,-1.07384204865,0.148839950562,1.23176002502,0.997200012207,1.48333609104,0.0398421287537,-1.08611392975,-0.0349065847695,1.2424980402,0.844399988651
1.44200181961,-0.0997519493103,-1.07384204865,0.148839950562,1.23176002502,0.997200012207,1.48333609104,0.0398421287537,-1.08611392975,-0.0349065847695,1.24403202534,0.844399988651
1.44200181961,-0.0844118595123,-1.07384204865,0.148839950562,1.23176002502,0.997200012207,1.48333609104,0.0398421287537,-1.08611392975,-0.0349065847695,1.2424980402,0.844399988651
1.44200181961,-0.0782759189606,-1.07384204865,0.148839950562,1.23176002502,0.997200012207,1.48333609104,0.0398421287537,-1.08611392975,-0.0349065847695,1.24403202534,0.844399988651
1.44353580475,-0.0767419338226,-1.07384204865,0.148839950562,1.23176002502,0.997200012207,1.48333609104,0.0398421287537,-1.08611392975,-0.0349065847695,1.24403202534,0.844399988651
1.44200181961,-0.0767419338226,-1.07384204865,0.148839950562,1.23176002502,0.997200012207,1.48333609104,0.0398421287537,-1.08611392975,-0.0349065847695,1.2424980402,0.844399988651
1.44353580475,-0.0767419338226,-1.07384204865,0.148839950562,1.23176002502,0.997200012207,1.48333609104,0.0398421287537,-1.08611392975,-0.0349065847695,1.24403202534,0.844399988651
1.44200181961,-0.0782759189606,-1.07384204865,0.148839950562,1.23176002502,0.997200012207,1.48333609104,0.0398421287537,-1.08611392975,-0.0349065847695,1.24403202534,0.844399988651
1.44353580475,-0.0767419338226,-1.07384204865,0.148839950562,1.23176002502,0.997200012207,1.48333609104,0.0398421287537,-1.08764791489,-0.0349065847695,1.24403202534,0.844399988651
1.44353580475,-0.0767419338226,-1.07384204865,0.148839950562,1.23176002502,0.997200012207,1.48333609104,0.0398421287537,-1.08764791489,-0.0349065847695,1.2424980402,0.844399988651
1.44353580475,-0.0767419338226,-1.07384204865,0.148839950562,1.23176002502,0.997200012207,1.48333609104,0.0398421287537,-1.08764791489,-0.0349065847695,1.24403202534,0.844399988651
1.44200181961,-0.0767419338226,-1.07384204865,0.148839950562,1.23176002502,0.997200012207,1.48333609104,0.0398421287537,-1.08611392975,-0.0349065847695,1.24403202534,0.844399988651
1.44200181961,-0.0767419338226,-1.07384204865,0.148839950562,1.23176002502,0.997200012207,1.48333609104,0.0398421287537,-1.08611392975,-0.0349065847695,1.24403202534,0.844399988651
1.44200181961,-0.0767419338226,-1.07384204865,0.148839950562,1.23176002502,0.997200012207,1.48333609104,0.0398421287537,-1.08611392975,-0.0349065847695,1.24403202534,0.844399988651
1.44200181961,-0.0782759189606,-1.07384204865,0.148839950562,1.23176002502,0.997200012207,1.48333609104,0.0398421287537,-1.08764791489,-0.0349065847695,1.24403202534,0.844399988651
1.44353580475,-0.0767419338226,-1.07384204865,0.148839950562,1.23176002502,0.997200012207,1.48333609104,0.0398421287537,-1.08611392975,-0.0349065847695,1.24403202534,0.844399988651
