1.4803519249,-0.139636039734,0.138018131256,0.233210086823,0.320564031601,0.893999993801,1.63980412483,0.159493923187,-1.17968797684,-0.297554016113,0.119610071182,0.291599988937
1.4803519249,-0.138102054596,0.136484146118,0.231675863266,0.320564031601,0.893999993801,1.63980412483,0.159493923187,-1.17968797684,-0.297554016113,0.119610071182,0.291599988937
1.4803519249,-0.138102054596,0.136484146118,0.233210086823,0.320564031601,0.893999993801,1.63980412483,0.159493923187,-1.17968797684,-0.297554016113,0.119610071182,0.291599988937
1.4803519249,-0.139636039734,0.136484146118,0.233210086823,0.320564031601,0.893999993801,1.63980412483,0.159493923187,-1.17968797684,-0.297554016113,0.119610071182,0.291599988937
1.4803519249,-0.138102054596,0.136484146118,0.231675863266,0.320564031601,0.893999993801,1.63980412483,0.159493923187,-1.17968797684,-0.297554016113,0.119610071182,0.291599988937
1.4803519249,-0.139636039734,0.136484146118,0.231675863266,0.320564031601,0.893999993801,1.63980412483,0.159493923187,-1.17968797684,-0.297554016113,0.119610071182,0.291599988937
1.4803519249,-0.139636039734,0.136484146118,0.233210086823,0.320564031601,0.893999993801,1.63980412483,0.159493923187,-1.17968797684,-0.297554016113,0.119610071182,0.291599988937
1.4803519249,-0.138102054596,0.136484146118,0.231675863266,0.320564031601,0.893999993801,1.63980412483,0.161028146744,-1.17968797684,-0.297554016113,0.119610071182,0.291599988937
1.4803519249,-0.138102054596,0.136484146118,0.231675863266,0.320564031601,0.893999993801,1.63980412483,0.159493923187,-1.17968797684,-0.297554016113,0.119610071182,0.291599988937
1.4803519249,-0.138102054596,0.136484146118,0.231675863266,0.320564031601,0.893999993801,1.63980412483,0.159493923187,-1.1781539917,-0.297554016113,0.119610071182,0.291599988937
1.4803519249,-0.138102054596,0.136484146118,0.233210086823,0.320564031601,0.893999993801,1.63980412483,0.159493923187,-1.17968797684,-0.297554016113,0.119610071182,0.291599988937
1.4803519249,-0.139636039734,0.136484146118,0.231675863266,0.320564031601,0.893999993801,1.63980412483,0.159493923187,-1.17968797684,-0.297554016113,0.119610071182,0.291599988937
1.4803519249,-0.138102054596,0.136484146118,0.233210086823,0.320564031601,0.893999993801,1.63980412483,0.159493923187,-1.17968797684,-0.297554016113,0.119610071182,0.291599988937
1.4803519249,-0.138102054596,0.136484146118,0.231675863266,0.320564031601,0.893999993801,1.63980412483,0.161028146744,-1.17968797684,-0.297554016113,0.119610071182,0.291599988937
1.4803519249,-0.139636039734,0.136484146118,0.233210086823,0.320564031601,0.893999993801,1.63980412483,0.159493923187,-1.17968797684,-0.297554016113,0.119610071182,0.291599988937
1.4803519249,-0.138102054596,0.136484146118,0.231675863266,0.320564031601,0.893999993801,1.63980412483,0.159493923187,-1.17968797684,-0.297554016113,0.119610071182,0.291599988937
1.4803519249,-0.138102054596,0.136484146118,0.231675863266,0.320564031601,0.893999993801,1.63980412483,0.159493923187,-1.17968797684,-0.297554016113,0.119610071182,0.291599988937
1.4803519249,-0.139636039734,0.136484146118,0.231675863266,0.320564031601,0.893999993801,1.63827013969,0.159493923187,-1.17968797684,-0.297554016113,0.119610071182,0.291599988937
1.46347808838,-0.138102054596,0.136484146118,0.236278057098,0.320564031601,0.893999993801,1.63980412483,0.159493923187,-1.17968797684,-0.297554016113,0.119610071182,0.291599988937
1.42972993851,-0.136568069458,0.136484146118,0.239346027374,0.320564031601,0.893999993801,1.63980412483,0.159493923187,-1.17968797684,-0.297554016113,0.119610071182,0.291599988937
1.40211820602,-0.144237995148,0.138018131256,0.239346027374,0.320564031601,0.893999993801,1.63980412483,0.159493923187,-1.17968797684,-0.297554016113,0.119610071182,0.291599988937
1.33001995087,-0.148839950562,0.159493923187,0.24241399765,0.320564031601,0.893999993801,1.63980412483,0.159493923187,-1.17968797684,-0.297554016113,0.119610071182,0.291599988937
1.1045217514,-0.151907920837,0.187106132507,0.24241399765,0.320564031601,0.893999993801,1.63980412483,0.159493923187,-1.17968797684,-0.297554016113,0.119610071182,0.291599988937
0.825334072113,-0.158043861389,0.190174102783,0.240880012512,0.320564031601,0.893999993801,1.63980412483,0.159493923187,-1.17968797684,-0.297554016113,0.119610071182,0.291599988937
0.561486005783,-0.182587862015,0.191708087921,0.237812042236,0.320564031601,0.893999993801,1.63980412483,0.159493923187,-1.17968797684,-0.297554016113,0.119610071182,0.291599988937
0.319113969803,-0.237812042236,0.196310043335,0.236278057098,0.320564031601,0.893999993801,1.63980412483,0.159493923187,-1.17968797684,-0.297554016113,0.119610071182,0.291599988937
0.0767419338226,-0.319113969803,0.202445983887,0.236278057098,0.320564031601,0.893999993801,1.63980412483,0.159493923187,-1.17968797684,-0.297554016113,0.12114405632,0.291599988937
-0.101202011108,-0.337522029877,0.207047939301,0.237812042236,0.320564031601,0.893999993801,1.63980412483,0.159493923187,-1.17968797684,-0.297554016113,0.119610071182,0.291599988937
-0.28528213501,-0.32831788063,0.210116147995,0.24241399765,0.320564031601,0.893999993801,1.63980412483,0.159493923187,-1.17968797684,-0.297554016113,0.119610071182,0.291599988937
-0.454021930695,-0.335988044739,0.211650133133,0.240880012512,0.320564031601,0.893999993801,1.63980412483,0.159493923187,-1.17968797684,-0.297554016113,0.119610071182,0.291199982166
-0.619693994522,-0.358998060226,0.211650133133,0.24241399765,0.320564031601,0.893999993801,1.63980412483,0.161028146744,-1.17968797684,-0.297554016113,0.119610071182,0.291599988937
-0.786900043488,-0.395813941956,0.211650133133,0.24241399765,0.320564031601,0.893999993801,1.63980412483,0.159493923187,-1.17968797684,-0.297554016113,0.119610071182,0.291599988937
-0.947970151901,-0.440299987793,0.211650133133,0.247015953064,0.322098016739,0.893999993801,1.63980412483,0.159493923187,-1.17968797684,-0.297554016113,0.119610071182,0.291599988937
-1.02160215378,-0.443367958069,0.211650133133,0.259288072586,0.322098016739,0.893999993801,1.63827013969,0.159493923187,-1.17968797684,-0.297554016113,0.119610071182,0.291599988937
-1.07682609558,-0.443367958069,0.203979969025,0.296103954315,0.322098016739,0.893999993801,1.63980412483,0.161028146744,-1.17968797684,-0.297554016113,0.119610071182,0.291599988937
-1.1090400219,-0.429562091827,0.203979969025,0.362066030502,0.323632001877,0.893999993801,1.63980412483,0.161028146744,-1.17968797684,-0.297554016113,0.119610071182,0.291599988937
-1.13051605225,-0.47097992897,0.203979969025,0.648923873901,0.323632001877,0.893999993801,1.63980412483,0.161028146744,-1.17968797684,-0.297554016113,0.119610071182,0.291599988937
-1.13358402252,-0.575291872025,0.211650133133,0.926578044891,0.325165987015,0.893999993801,1.63980412483,0.159493923187,-1.1781539917,-0.296020030975,0.119610071182,0.291599988937
-1.13358402252,-0.615175962448,0.265340089798,1.24258184433,0.325165987015,0.893999993801,1.63980412483,0.161028146744,-1.17968797684,-0.297554016113,0.119610071182,0.291599988937
-1.13358402252,-0.636651992798,0.292952060699,1.40825414658,0.325165987015,0.893999993801,1.63980412483,0.159493923187,-1.17968797684,-0.297554016113,0.119610071182,0.291199982166
-1.13971996307,-0.638185977936,0.306757926941,1.43126392365,0.325165987015,0.893999993801,1.63980412483,0.159493923187,-1.17968797684,-0.297554016113,0.119610071182,0.291599988937
-1.14125394821,-0.639719963074,0.319030046463,1.44506978989,0.325165987015,0.893999993801,1.63980412483,0.159493923187,-1.17968797684,-0.297554016113,0.119610071182,0.291599988937
-1.14278805256,-0.668865919113,0.319030046463,1.37603998184,0.322098016739,0.893999993801,1.63980412483,0.159493923187,-1.17968797684,-0.297554016113,0.119610071182,0.291599988937
-1.14278805256,-0.722555875778,0.315962076187,1.30854415894,0.319030046463,0.893999993801,1.63827013969,0.159493923187,-1.17968797684,-0.297554016113,0.119610071182,0.291599988937
-1.14125394821,-0.759371995926,0.311360120773,1.22264003754,0.319030046463,0.893999993801,1.63980412483,0.159493923187,-1.17968797684,-0.297554016113,0.119610071182,0.291599988937
-1.1443220377,-0.722555875778,0.25,0.817663908005,0.297554016113,0.893999993801,1.63827013969,0.159493923187,-1.17968797684,-0.297554016113,0.119610071182,0.291599988937
-1.1519920826,-0.699545860291,0.119610071182,0.423425912857,0.297554016113,0.893999993801,1.63980412483,0.161028146744,-1.17968797684,-0.297554016113,0.119610071182,0.291599988937
-1.14585602283,-0.731760025024,-0.0123138427734,0.0349065847695,0.297554016113,0.893999993801,1.63827013969,0.161028146744,-1.17968797684,-0.297554016113,0.119610071182,0.291599988937
-1.12744808197,-0.868286132812,-0.0475959777832,0.0349065847695,0.294486045837,0.893999993801,1.63827013969,0.159493923187,-1.17968797684,-0.297554016113,0.119610071182,0.291599988937
-1.12438011169,-0.859082221985,-0.0721399784088,0.0349065847695,0.292952060699,0.893999993801,1.63827013969,0.161028146744,-1.17968797684,-0.297554016113,0.119610071182,0.291599988937
-1.11977815628,-0.813061952591,-0.0828778743744,0.0690720081329,0.292952060699,0.893999993801,1.63827013969,0.159493923187,-1.17968797684,-0.297554016113,0.119610071182,0.291599988937
-1.11977815628,-0.757838010788,-0.0844118595123,0.150373935699,0.292952060699,0.893999993801,1.63827013969,0.161028146744,-1.17968797684,-0.297554016113,0.119610071182,0.291599988937
-1.14739012718,-0.776246070862,-0.067538022995,0.516999959946,0.292952060699,0.893999993801,1.63827013969,0.159493923187,-1.17968797684,-0.297554016113,0.119610071182,0.291599988937
-1.16579806805,-0.800790071487,0.0245020389557,0.852946043015,0.292952060699,0.893999993801,1.63827013969,0.159493923187,-1.17968797684,-0.297554016113,0.119610071182,0.291599988937
-1.17040002346,-0.782382011414,0.153357982635,1.19962978363,0.292952060699,0.893999993801,1.63827013969,0.159493923187,-1.17968797684,-0.297554016113,0.119610071182,0.291599988937
-1.17040002346,-0.783915996552,0.309826135635,1.52790594101,0.292952060699,0.893999993801,1.63980412483,0.159493923187,-1.17968797684,-0.296020030975,0.119610071182,0.291599988937
-1.16886603832,-0.791585922241,0.340506076813,1.54461634159,0.299088001251,0.893999993801,1.63827013969,0.159493923187,-1.17968797684,-0.297554016113,0.119610071182,0.291599988937
-1.16886603832,-0.803858041763,0.342040061951,1.54461634159,0.299088001251,0.893999993801,1.63827013969,0.159493923187,-1.17968797684,-0.297554016113,0.119610071182,0.291599988937
-1.16426408291,-0.823800086975,0.326699972153,1.41439008713,0.299088001251,0.893999993801,1.63827013969,0.159493923187,-1.17968797684,-0.297554016113,0.119610071182,0.291599988937
-1.16426408291,-0.782382011414,0.208581924438,1.00481176376,0.296020030975,0.893999993801,1.63827013969,0.159493923187,-1.17968797684,-0.297554016113,0.119610071182,0.291599988937
-1.17040002346,-0.753236055374,0.118076086044,0.678070068359,0.296020030975,0.893999993801,1.63827013969,0.161028146744,-1.17968797684,-0.297554016113,0.119610071182,0.291599988937
-1.16886603832,-0.757838010788,0.00149202346802,0.401949882507,0.296020030975,0.893999993801,1.63827013969,0.161028146744,-1.17968797684,-0.297554016113,0.119610071182,0.291599988937
-1.15352606773,-0.757838010788,-0.102819919586,0.0552659034729,0.296020030975,0.893999993801,1.63827013969,0.159493923187,-1.17968797684,-0.297554016113,0.119610071182,0.291599988937
-1.13971996307,-0.820731878281,-0.13503408432,0.0349065847695,0.296020030975,0.893999993801,1.63827013969,0.159493923187,-1.17968797684,-0.297554016113,0.119610071182,0.291599988937
-1.13971996307,-0.788517951965,-0.136568069458,0.0349065847695,0.296020030975,0.893999993801,1.63827013969,0.159493923187,-1.17968797684,-0.297554016113,0.119610071182,0.291599988937
-1.13051605225,-0.750168085098,-0.139636039734,0.0383920669556,0.296020030975,0.893999993801,1.63827013969,0.159493923187,-1.17968797684,-0.297554016113,0.119610071182,0.291599988937
-1.09523415565,-0.717953920364,-0.145771980286,0.0690720081329,0.296020030975,0.893999993801,1.63827013969,0.159493923187,-1.17968797684,-0.297554016113,0.119610071182,0.291599988937
-1.04768013954,-0.701080083847,-0.153441905975,0.0982179641724,0.296020030975,0.893999993801,1.63980412483,0.161028146744,-1.17968797684,-0.297554016113,0.119610071182,0.291599988937
-0.997058153152,-0.690341949463,-0.164180040359,0.12889790535,0.296020030975,0.893999993801,1.63827013969,0.159493923187,-1.17968797684,-0.297554016113,0.119610071182,0.291599988937
-0.932630062103,-0.678070068359,-0.171849966049,0.159577846527,0.296020030975,0.893999993801,1.63827013969,0.161028146744,-1.17968797684,-0.297554016113,0.119610071182,0.291599988937
-0.820647954941,-0.653526067734,-0.174917936325,0.181053876877,0.296020030975,0.893999993801,1.63827013969,0.161028146744,-1.17968797684,-0.297554016113,0.119610071182,0.291599988937
-0.650373935699,-0.607506036758,-0.174917936325,0.185656070709,0.296020030975,0.893999993801,1.63980412483,0.161028146744,-1.17968797684,-0.297554016113,0.119610071182,0.291599988937
-0.542994022369,-0.587563991547,-0.176451921463,0.197927951813,0.296020030975,0.893999993801,1.63827013969,0.161028146744,-1.17968797684,-0.297554016113,0.119610071182,0.291599988937
-0.464760065079,-0.573757886887,-0.181053876877,0.222471952438,0.296020030975,0.893999993801,1.63827013969,0.159493923187,-1.17968797684,-0.297554016113,0.119610071182,0.291599988937
-0.308292150497,-0.543077945709,-0.185656070709,0.245481967926,0.296020030975,0.893999993801,1.63827013969,0.159493923187,-1.17968797684,-0.297554016113,0.119610071182,0.291599988937
-0.085862159729,-0.510864019394,-0.185656070709,0.25775384903,0.294486045837,0.893999993801,1.63827013969,0.161028146744,-1.17968797684,-0.296020030975,0.119610071182,0.291599988937
0.194859981537,-0.493989944458,-0.185656070709,0.270025968552,0.294486045837,0.893999993801,1.63827013969,0.161028146744,-1.17968797684,-0.297554016113,0.119610071182,0.291599988937
0.429562091827,-0.454105854034,-0.187190055847,0.277695894241,0.294486045837,0.893999993801,1.63827013969,0.159493923187,-1.17968797684,-0.297554016113,0.119610071182,0.291599988937
0.639719963074,-0.403483867645,-0.187190055847,0.28536605835,0.294486045837,0.893999993801,1.63827013969,0.159493923187,-1.17968797684,-0.296020030975,0.119610071182,0.291599988937
0.834537982941,-0.36360001564,-0.188724040985,0.286900043488,0.294486045837,0.893999993801,1.63827013969,0.159493923187,-1.17968797684,-0.297554016113,0.119610071182,0.291599988937
1.0170841217,-0.334454059601,-0.188724040985,0.283832073212,0.294486045837,0.893999993801,1.63980412483,0.159493923187,-1.17968797684,-0.297554016113,0.119610071182,0.291599988937
1.17355203629,-0.317579984665,-0.188724040985,0.282298088074,0.306757926941,0.893999993801,1.63827013969,0.159493923187,-1.1781539917,-0.297554016113,0.119610071182,0.291599988937
1.33001995087,-0.300705909729,-0.188724040985,0.279229879379,0.308292150497,0.893999993801,1.63827013969,0.159493923187,-1.17968797684,-0.297554016113,0.119610071182,0.291599988937
1.40672016144,-0.282298088074,-0.188724040985,0.25775384903,0.309826135635,0.893999993801,1.63980412483,0.159493923187,-1.17968797684,-0.297554016113,0.119610071182,0.291599988937
1.45274019241,-0.27155995369,-0.190258026123,0.25775384903,0.309826135635,0.893999993801,1.63827013969,0.159493923187,-1.17968797684,-0.297554016113,0.119610071182,0.291599988937
1.49876022339,-0.265424013138,-0.194859981537,0.25775384903,0.309826135635,0.893999993801,1.63827013969,0.159493923187,-1.17968797684,-0.297554016113,0.119610071182,0.291599988937
1.54017782211,-0.262356042862,-0.194859981537,0.25775384903,0.309826135635,0.893999993801,1.63827013969,0.159493923187,-1.17968797684,-0.297554016113,0.119610071182,0.291599988937
1.56318807602,-0.256219863892,-0.196393966675,0.260822057724,0.309826135635,0.893999993801,1.63980412483,0.161028146744,-1.17968797684,-0.297554016113,0.119610071182,0.291599988937
1.56472206116,-0.245481967926,-0.196393966675,0.25775384903,0.309826135635,0.893999993801,1.63827013969,0.159493923187,-1.17968797684,-0.297554016113,0.119610071182,0.291599988937
1.56472206116,-0.225539922714,-0.196393966675,0.260822057724,0.309826135635,0.893999993801,1.63827013969,0.161028146744,-1.17968797684,-0.297554016113,0.119610071182,0.291599988937
1.56318807602,-0.20713186264,-0.196393966675,0.260822057724,0.309826135635,0.893999993801,1.63980412483,0.159493923187,-1.17968797684,-0.297554016113,0.119610071182,0.291599988937
1.56318807602,-0.196393966675,-0.196393966675,0.256219863892,0.309826135635,0.893999993801,1.63827013969,0.159493923187,-1.17968797684,-0.297554016113,0.119610071182,0.291599988937
1.56318807602,-0.194859981537,-0.196393966675,0.254685878754,0.311360120773,0.893999993801,1.63980412483,0.159493923187,-1.17968797684,-0.297554016113,0.119610071182,0.291599988937
1.56318807602,-0.196393966675,-0.196393966675,0.254685878754,0.311360120773,0.893999993801,1.63827013969,0.159493923187,-1.17968797684,-0.296020030975,0.119610071182,0.291599988937
1.56318807602,-0.196393966675,-0.196393966675,0.254685878754,0.309826135635,0.893999993801,1.63827013969,0.159493923187,-1.17968797684,-0.297554016113,0.119610071182,0.291599988937
1.56318807602,-0.194859981537,-0.196393966675,0.254685878754,0.309826135635,0.893999993801,1.63827013969,0.159493923187,-1.17968797684,-0.297554016113,0.119610071182,0.291599988937
1.56472206116,-0.196393966675,-0.196393966675,0.254685878754,0.309826135635,0.893999993801,1.63827013969,0.161028146744,-1.17968797684,-0.297554016113,0.119610071182,0.291599988937
1.56318807602,-0.196393966675,-0.196393966675,0.254685878754,0.309826135635,0.893999993801,1.63980412483,0.161028146744,-1.17968797684,-0.297554016113,0.119610071182,0.291599988937
1.56318807602,-0.196393966675,-0.196393966675,0.254685878754,0.309826135635,0.893999993801,1.63980412483,0.159493923187,-1.17968797684,-0.297554016113,0.119610071182,0.291599988937
1.56472206116,-0.196393966675,-0.196393966675,0.254685878754,0.309826135635,0.893999993801,1.63827013969,0.159493923187,-1.17968797684,-0.297554016113,0.119610071182,0.291599988937
1.56318807602,-0.196393966675,-0.196393966675,0.254685878754,0.309826135635,0.893999993801,1.63827013969,0.159493923187,-1.17968797684,-0.297554016113,0.119610071182,0.291599988937
1.56472206116,-0.196393966675,-0.196393966675,0.254685878754,0.309826135635,0.893999993801,1.63827013969,0.161028146744,-1.17968797684,-0.297554016113,0.119610071182,0.291599988937
1.56318807602,-0.194859981537,-0.196393966675,0.254685878754,0.309826135635,0.893999993801,1.63827013969,0.159493923187,-1.17968797684,-0.297554016113,0.119610071182,0.291199982166
1.56318807602,-0.196393966675,-0.196393966675,0.254685878754,0.309826135635,0.893999993801,1.63827013969,0.159493923187,-1.17968797684,-0.297554016113,0.119610071182,0.291599988937
